67.0 52
67.0 53
67.0 58
66.0 54
66.0 55
65.0 51
65.0 56
65.0 57
65.0 59
64.0 60
64.0 62
64.0 63
63.0 48
63.0 50
63.0 61
63.0 79
63.0 92
63.0 99
63.0 100
63.0 101
62.0 49
62.0 72
62.0 73
62.0 74
62.0 75
62.0 77
62.0 78
62.0 86
62.0 87
62.0 88
62.0 89
62.0 91
62.0 93
62.0 94
62.0 98
62.0 102
62.0 121
61.0 45
61.0 46
61.0 64
61.0 65
61.0 66
61.0 67
61.0 68
61.0 69
61.0 76
61.0 80
61.0 81
61.0 82
61.0 83
61.0 84
61.0 85
61.0 90
61.0 95
61.0 96
61.0 103
61.0 104
61.0 105
61.0 107
61.0 120
61.0 122
61.0 124
61.0 125
61.0 202
60.0 42
60.0 43
60.0 44
60.0 47
60.0 70
60.0 97
60.0 106
60.0 108
60.0 109
60.0 110
60.0 111
60.0 112
60.0 113
60.0 114
60.0 115
60.0 117
60.0 118
60.0 119
60.0 123
60.0 129
60.0 130
60.0 131
60.0 132
60.0 133
60.0 134
60.0 135
60.0 136
60.0 137
60.0 138
60.0 139
60.0 140
60.0 201
60.0 203
59.0 25
59.0 31
59.0 32
59.0 33
59.0 40
59.0 41
59.0 71
59.0 116
59.0 126
59.0 127
59.0 128
59.0 141
59.0 142
59.0 143
59.0 144
59.0 145
59.0 146
59.0 147
59.0 179
59.0 200
59.0 218
59.0 219
59.0 220
59.0 221
59.0 222
59.0 223
59.0 224
59.0 225
59.0 228
59.0 229
59.0 230
59.0 231
59.0 232
59.0 233
59.0 234
59.0 316
57.99999999999999 34
57.99999999999999 37
57.99999999999999 38
57.99999999999999 39
57.99999999999999 148
57.99999999999999 149
57.99999999999999 150
57.99999999999999 151
57.99999999999999 157
57.99999999999999 158
57.99999999999999 178
57.99999999999999 180
57.99999999999999 181
57.99999999999999 182
57.99999999999999 183
57.99999999999999 195
57.99999999999999 196
57.99999999999999 197
57.99999999999999 198
57.99999999999999 199
57.99999999999999 204
57.99999999999999 205
57.99999999999999 206
57.99999999999999 208
57.99999999999999 209
57.99999999999999 211
57.99999999999999 212
57.99999999999999 213
57.99999999999999 214
57.99999999999999 226
57.99999999999999 227
57.99999999999999 235
57.99999999999999 236
57.99999999999999 237
57.99999999999999 246
57.99999999999999 247
57.99999999999999 248
57.99999999999999 249
57.99999999999999 250
57.99999999999999 252
57.99999999999999 253
57.99999999999999 254
57.99999999999999 310
57.99999999999999 311
57.99999999999999 312
57.99999999999999 315
57.99999999999999 318
57.99999999999999 319
57.99999999999999 320
57.99999999999999 321
57.99999999999999 322
57.99999999999999 323
57.99999999999999 324
57.99999999999999 325
57.99999999999999 326
57.99999999999999 327
57.99999999999999 328
57.99999999999999 329
57.99999999999999 335
57.99999999999999 336
57.99999999999999 342
56.99999999999999 24
56.99999999999999 26
56.99999999999999 35
56.99999999999999 36
56.99999999999999 152
56.99999999999999 153
56.99999999999999 154
56.99999999999999 155
56.99999999999999 156
56.99999999999999 159
56.99999999999999 160
56.99999999999999 161
56.99999999999999 162
56.99999999999999 163
56.99999999999999 171
56.99999999999999 177
56.99999999999999 184
56.99999999999999 194
56.99999999999999 207
56.99999999999999 210
56.99999999999999 215
56.99999999999999 216
56.99999999999999 217
56.99999999999999 238
56.99999999999999 239
56.99999999999999 240
56.99999999999999 241
56.99999999999999 242
56.99999999999999 243
56.99999999999999 244
56.99999999999999 245
56.99999999999999 251
56.99999999999999 255
56.99999999999999 256
56.99999999999999 257
56.99999999999999 258
56.99999999999999 260
56.99999999999999 309
56.99999999999999 313
56.99999999999999 314
56.99999999999999 317
56.99999999999999 330
56.99999999999999 331
56.99999999999999 333
56.99999999999999 334
56.99999999999999 337
56.99999999999999 338
56.99999999999999 339
56.99999999999999 340
56.99999999999999 341
56.99999999999999 343
56.99999999999999 344
56.00000000000001 23
56.00000000000001 27
56.00000000000001 30
56.00000000000001 164
56.00000000000001 165
56.00000000000001 166
56.00000000000001 170
56.00000000000001 172
56.00000000000001 173
56.00000000000001 174
56.00000000000001 185
56.00000000000001 186
56.00000000000001 187
56.00000000000001 188
56.00000000000001 189
56.00000000000001 190
56.00000000000001 192
56.00000000000001 193
56.00000000000001 259
56.00000000000001 261
56.00000000000001 263
56.00000000000001 264
56.00000000000001 265
56.00000000000001 266
56.00000000000001 267
56.00000000000001 332
56.00000000000001 345
56.00000000000001 346
56.00000000000001 347
56.00000000000001 348
56.00000000000001 349
55.00000000000001 28
55.00000000000001 167
55.00000000000001 168
55.00000000000001 169
55.00000000000001 175
55.00000000000001 176
55.00000000000001 191
55.00000000000001 262
55.00000000000001 268
55.00000000000001 269
55.00000000000001 270
55.00000000000001 271
55.00000000000001 272
55.00000000000001 273
55.00000000000001 274
55.00000000000001 275
55.00000000000001 276
55.00000000000001 287
55.00000000000001 288
55.00000000000001 289
55.00000000000001 290
55.00000000000001 291
55.00000000000001 292
55.00000000000001 293
55.00000000000001 294
55.00000000000001 295
55.00000000000001 296
55.00000000000001 297
55.00000000000001 298
55.00000000000001 307
55.00000000000001 308
54.0 29
54.0 277
54.0 278
54.0 279
54.0 280
54.0 286
54.0 299
54.0 303
54.0 304
54.0 305
54.0 306
53.0 12
53.0 13
53.0 15
53.0 16
53.0 17
53.0 18
53.0 22
53.0 281
53.0 282
53.0 283
53.0 284
53.0 285
53.0 300
53.0 301
53.0 302
53.0 350
52.0 1
52.0 2
52.0 4
52.0 11
52.0 19
52.0 21
52.0 351
51.0 14
50.0 5
50.0 20
50.0 352
49.0 3
49.0 8
49.0 9
49.0 10
48.0 6
48.0 7
46.0 353
43.0 354
43.0 355
40.0 356
37.0 357
37.0 360
36.0 361
36.0 362
36.0 363
35.0 359
34.0 358
34.0 365
28.000000000000004 364
['lente', 'winter', 'lente', 'zomer', 'lente', 'zomer', 'winter', 'winter', 'zomer']
Used K:  52
Accuracy validationset:  67.0
